1743431682093 0.2914439788743775 5
1743431682173 0.28506987173799114 10
1743431682258 0.3018141834466463 15
1743431682334 0.3013022557652643 20
1743431682413 0.30032915672494 25
1743431682496 0.29059950898211395 30
1743431682574 0.2827472491451826 35
1743431682655 0.233875713546194 40
1743431682734 0.18036619974723633 45
1743431682815 0.17346381812860345 50
1743431682897 0.2031435582333884 55
1743431682974 0.20739374944842884 60
1743431683056 0.2085862858306682 65
1743431683134 0.21326682061077976 70
1743431683213 0.21852360085047468 75
1743431683296 0.21507539967070238 80
1743431683374 0.08677334687441017 85
1743431683456 0.02730048584217643 90
1743431683534 0.035107582099011075 95
1743431683614 0.03894303041765742 100
1743431683694 0.12636772476669908 105
1743431683774 0.14747807143993383 110
1743431683853 0.15906815625073817 115
1743431683935 0.08696761773729075 120
1743431684014 0.03418474264134527 125
1743431684096 0.027266036894006737 130
1743431684174 0.02659668562443112 135
1743431684254 0.028754374663881803 140
1743431684335 0.14774487939388245 145
1743431684414 0.21209499146812646 150
1743431684497 0.21531586804464697 155
1743431684573 0.2120980399486581 160
1743431684655 0.21372477496462872 165
1743431684734 0.21463642353290613 170
1743431684814 0.21107900125980697 175
1743431684896 0.20713268023582188 180
1743431684974 0.12525374341491316 185
1743431685054 0.028023939340971485 190
1743431685134 0.02707633587999446 195
1743431685214 0.02749706526105498 200
1743431685296 0.027518187046210427 205
1743431685374 0.039600349723885826 210
1743431685455 0.21256412580108552 215
1743431685534 0.22633760147523144 220
1743431685613 0.20904327426029173 225
1743431746368 0.3417654619515996 230
1743431746446 0.33569446216099624 235
1743431746528 0.33156861055008313 240
1743431746607 0.33686454332242954 245
1743431746686 0.33826976498181716 250
1743431746767 0.3345158547352834 255
1743431746846 0.3346390268826551 260
1743431746925 0.33303269629936333 265
1743431747008 0.32565461103763554 270
1743431747086 0.3265216574679689 275
1743431747167 0.2943783468698872 280
1743431747246 0.19581470645713356 285
1743431747325 0.17281605443801124 290
1743431747408 0.1967322409020864 295
1743431747486 0.20583992219687577 300
1743431747566 0.21522787297040333 305
1743431747646 0.19748974520205365 310
1743431747726 0.10160335397376188 315
1743431747808 0.03206376150914547 320
1743431747886 0.031265649060556 325
1743431747967 0.025557872414193945 330
1743431748046 0.027649927460155432 335
1743431748125 0.029973305164936886 340
1743431748207 0.029089792253171542 345
1743431748286 0.06472823549864402 350
1743431748366 0.145079073010648 355
1743431748445 0.1802633795491733 360
1743431748526 0.18665712231115472 365
1743431748607 0.19062417900201248 370
1743431748686 0.18326280120067923 375
1743431748767 0.15437413061693334 380
1743431748845 0.11075095185795945 385
1743431748925 0.061646323967630146 390
1743431749007 0.042756931124286864 395
1743431749086 0.041116789676292245 400
1743431749166 0.0411792020601055 405
1743431749246 0.040597618183850194 410
1743431749325 0.03992532842242322 415
1743431749406 0.041783866713180295 420
1743431749485 0.03930661621216616 425
1743431749566 0.03941069167890056 430
1743431749645 0.03873850839770654 435
1743431749726 0.03981472689247273 440
1743431749807 0.038611753791996814 445
1743431749886 0.04231788616688781 450
1743431749967 0.04299455515737888 455
1743431750045 0.041489490616177446 460
1743431750126 0.06048611115289627 465
1743431750208 0.11279059429123953 470
1743431750286 0.15210834366094958 475
1743431750366 0.17820157414859278 480
1743431750446 0.18095012410732425 485
1743431750525 0.18269816375377776 490
1743431750607 0.18180874806827915 495
1743431750686 0.1815152169098419 500
1743431750767 0.11198780041287983 505
1743431750846 0.03831951127047747 510
1743431750926 0.030544887500605578 515
1743431751007 0.02530982999215288 520
1743431751085 0.027455209129884913 525
1743431751166 0.0329462090600305 530
1743431751245 0.02374866212868142 535
1743431751325 0.02615714964614368 540
1743431751407 0.025455625460477374 545
1743431751485 0.03143652565186203 550
1743431751566 0.031242687454243707 555
1743431751646 0.030508145600409594 560
1743431751725 0.02857453479882318 565
1743431751811 0.030337258077470435 570
1743431751886 0.03008874155201609 575
1743431751967 0.02608955345814814 580
1743431752046 0.030909140730679772 585
1743431752125 0.03321500810694469 590
1743431752207 0.030471758489115583 595
1743431752287 0.032949351574034294 600
1743431752366 0.03266059176171387 605
1743431752446 0.031748111518273295 610
1743431752527 0.028905839886328843 615
1743431752607 0.03230396753258405 620
1743431752686 0.03154087570757945 625
1743431752766 0.03181006641118556 630
1743431752847 0.030101600508509456 635
1743431752925 0.035102295415779285 640
1743431753006 0.036033154077493586 645
1743431753086 0.0404486294648956 650
1743431753167 0.03153545640410433 655
1743431753247 0.03422455774585159 660
1743431753326 0.03170462491378683 665
1743431753407 0.03383199409403732 670
1743431753486 0.030555259603275004 675
1743431753566 0.03267782446514381 680
1743431753645 0.03564994976576171 685
1743431753726 0.03508923003238153 690
1743431753807 0.0379056982831673 695
1743431753886 0.03339182905148621 700
1743431753968 0.03627556511697328 705
1743431754046 0.03447894242752201 710
1743431754126 0.03518506888839703 715
1743431754208 0.036756460787554804 720
1743431754285 0.0348093221675774 725
1743431754365 0.03525220021933432 730
1743431754448 0.03652541118321618 735
1743431754526 0.03492183984655803 740
1743431754607 0.03070373985536677 745
1743431754686 0.03376595077106287 750
1743431754767 0.03813748241705157 755
1743431754846 0.04567327691767858 760
1743431754926 0.10002450616224318 765
1743431755007 0.18662260959924842 770
1743431755085 0.19339742534504928 775
1743431755166 0.19782872351846406 780
1743431755247 0.19763418418342085 785
1743431755325 0.1983457596120172 790
1743431755407 0.19843715018300537 795
1743431755485 0.19785465330611304 800
1743431755565 0.19741401029850267 805
1743431755648 0.19520987692656155 810
1743431755725 0.19813700983255447 815
1743431755808 0.19553416812003122 820
1743431755886 0.18850377071011926 825
1743431755966 0.1844221350847597 830
1743431756047 0.18232214840933708 835
1743431756125 0.17385551042427563 840
1743431756207 0.09594712775459448 845
1743431756285 0.04629544944386837 850
1743431756366 0.0317245608570971 855
1743431756447 0.03510113318363929 860
1743431756526 0.03129691849474202 865
1743431756607 0.0327416796605733 870
1743431756686 0.03577475510134782 875
1743431756766 0.03145826190286435 880
1743431756847 0.03970852426506696 885
1743431756926 0.05181012708032259 890
1743431757007 0.17329604814318772 895
1743431757086 0.16319428652919873 900
1743431757166 0.2216893219418065 905
1743431795160 0.3490749963637943 910
1743431800138 0.022921514150541084 915
1743431805141 0.014736965408273964 920
1743431930824 0.06219972057180861 925
1743431930895 0.06513105754151634 930
1743431951681 0.059418024192717786 935
1743431951757 0.04589672484819003 940
1743432019480 0.06089245893232579 945
1743432023101 0.018144669313738954 950
1743432023916 0.07616743647446034 955
1743432023996 0.0751898611774702 960
1743432024125 0.030972213286557925 965
1743432024216 0.050913766626193215 970
1743432024286 0.01382767824506077 975
1743432024383 0.04535163836248137 980
1743432024520 0.03609479075866358 985
1743432024591 0.04775803557387963 990
1743432024699 0.04323772261646251 995
1743432024781 0.04746582253419829 1000
1743432024930 0.07241413651381111 1005
1743432025004 0.06381394734367711 1010
1743432025087 0.06305179613279394 1015
1743432025212 0.06187204745817099 1020
1743432025292 0.07751774903994973 1025
1743432025374 0.08557125785855885 1030
1743432025469 0.05661753438647529 1035
1743432029635 0.04638221975269934 1040
1743432029712 0.03778776974232067 1045
1743432029791 0.047088326691048954 1050
1743432029869 0.045454596985719305 1055
1743432029949 0.04927813934537266 1060
1743432030029 0.041314297857741024 1065
1743432030110 0.047737601701037885 1070
1743432030190 0.05670867582743449 1075
1743432030268 0.054164546725179605 1080
1743432030349 0.05697431953263049 1085
1743432030428 0.01950903316869186 1090
1743432034469 0.05973803878040201 1095
1743432034630 0.03178596988173894 1100
1743432039038 0.11517419757712993 1105
1743432039102 0.13876006603975127 1110
1743432039180 0.14012342878939707 1115
1743432039262 0.14378124690887398 1120
1743432039342 0.1423098004083939 1125
1743432039421 0.1308287757589079 1130
1743432039501 0.13189869126029172 1135
1743432039582 0.1389364861427988 1140
1743432039663 0.14073243508218214 1145
1743432039741 0.13288058921469517 1150
1743432039821 0.12036016411496718 1155
1743432039901 0.12567323656686527 1160
1743432039981 0.14305399515123013 1165
1743432040062 0.13303861418585966 1170
1743432040141 0.11824131733858613 1175
1743432040222 0.1424262480447866 1180
1743432040301 0.1245834289268098 1185
1743432040380 0.12827214277756324 1190
1743432040464 0.11543999859873334 1195
1743432040541 0.11664103862379094 1200
1743432040622 0.13028878877282232 1205
1743432040701 0.11892943270195504 1210
1743432040781 0.11689852283108576 1215
1743432040864 0.1094297859558024 1220
1743432040941 0.12892129600732055 1225
1743432041021 0.14267195508906455 1230
1743432041101 0.12913701335107844 1235
1743432041181 0.1350695557904259 1240
1743432041262 0.14459884141402707 1245
1743432041341 0.12302142613936475 1250
1743432041423 0.1368064541895979 1255
1743432041503 0.13639108637138467 1260
1743432041580 0.1297284897336162 1265
1743432041662 0.1547841240883236 1270
1743432041740 0.13143284926865512 1275
1743432041821 0.16811719549957074 1280
1743432041903 0.19172268985006582 1285
1743432041981 0.1963072614948062 1290
1743432042061 0.17156858585738616 1295
1743432042142 0.15458684346691817 1300
1743432042221 0.1608604322178028 1305
1743432042302 0.1579866212758479 1310
1743432042381 0.1653094120492721 1315
1743432042464 0.17790664129625935 1320
1743432042540 0.1810586739884357 1325
1743432042621 0.1644903452197822 1330
1743432042702 0.14344774967972723 1335
1743432042780 0.15019431910781333 1340
1743432042862 0.11567130790531353 1345
1743432042940 0.11782044511066377 1350
1743432043022 0.139481971011698 1355
1743432043101 0.14686485725900733 1360
1743432043180 0.15798254637951054 1365
1743432043263 0.1637127707529858 1370
1743432043340 0.1543639286017319 1375
1743432043421 0.13088195241599088 1380
1743432043500 0.10355369896333995 1385
1743432043580 0.10006260160486 1390
1743432043664 0.08835609013464844 1395
1743432043741 0.12852448088731036 1400
1743432043822 0.1459956550898632 1405
1743432043900 0.12357994537677426 1410
1743432043980 0.11248388758184039 1415
1743432044064 0.11155459986418034 1420
1743432044141 0.13127069726577537 1425
1743432044222 0.12295984440659304 1430
1743432044302 0.12630075236580057 1435
1743432044380 0.08178856154644631 1440
1743432044464 0.14845978935206916 1445
1743432044541 0.13318198682619722 1450
1743432044624 0.1291688768175135 1455
1743432053947 0.12208821984111529 1460
1743432062940 0.1672793795321756 1465
1743432063673 0.0895076867482579 1470
1743432072612 0.12347100248142859 1475
1743432073725 0.12258396645894304 1480
1743432074143 0.08396484524035744 1485
1743432074796 0.07584243433523885 1490
1743432075621 0.11030353809873675 1495
1743432076192 0.15441424376415114 1500
1743432076685 0.10760170763564238 1505
1743432077679 0.11835074831574457 1510
1743432079820 0.13563490440070702 1515
1743432079855 0.15424129699828246 1520
1743432079891 0.15353039886882688 1525
1743432079928 0.1519221418806895 1530
1743432079964 0.15647506117529483 1535
1743432080000 0.15175253923030263 1540
1743432080035 0.15063537057064252 1545
1743432080071 0.1525763353709785 1550
1743432080107 0.14579336369938498 1555
1743432080143 0.1463864754638687 1560
1743432080179 0.1457840938266063 1565
1743432080215 0.13776896271778177 1570
1743432080251 0.14576259504976782 1575
1743432080318 0.1441298733332745 1580
1743432080397 0.13452720779879856 1585
1743432080478 0.12783515677421803 1590
1743432080558 0.10787302610149234 1595
1743432080636 0.11244843649624417 1600
1743432080718 0.10036949541068355 1605
1743432080796 0.08733898240522006 1610
1743432080878 0.09862167910491108 1615
1743432080958 0.10197794645750491 1620
1743432081037 0.11297949110937333 1625
1743432081119 0.11215691414421718 1630
1743432081196 0.11195648169467788 1635
1743432081278 0.10624645593307322 1640
1743432081358 0.10232694012861596 1645
1743432081437 0.10186321339254122 1650
1743432081518 0.09402358790653521 1655
1743432081596 0.09167239449662083 1660
1743432081679 0.09627283117066725 1665
1743432081758 0.09888044276665506 1670
1743432081836 0.09084271471284401 1675
1743432081918 0.08649655471238583 1680
1743432081996 0.10024568170017861 1685
1743432082077 0.10965215367640935 1690
1743432082156 0.11405209489383854 1695
1743432082236 0.13776251215274624 1700
1743432102168 0.0945263583541601 1705
1743432168517 0.022675013758161354 1710
1743432173028 0.03890111463820561 1715
1743432236380 0.19753211482414482 1720
1743432236460 0.21113199944962696 1725
1743432236540 0.21420443553998844 1730
1743432236624 0.21001102216398543 1735
1743432236701 0.2016516868794764 1740
1743432236781 0.19493911140238063 1745
1743432236861 0.19526893091106795 1750
1743432236941 0.19202174326120652 1755
1743432237024 0.1908579506188438 1760
1743432237100 0.1891341448886302 1765
1743432237181 0.1904703788123212 1770
1743432237261 0.19148878676081016 1775
1743432237340 0.18858618278197722 1780
1743432237423 0.1791863592852991 1785
1743432237501 0.1683067136831095 1790
1743432237580 0.13795026723428053 1795
1743432237661 0.12479073846113709 1800
1743432237740 0.1127037842558636 1805
1743432237823 0.14142910409869716 1810
1743432237901 0.14307203327972393 1815
1743432237980 0.14361375419743153 1820
1743432238062 0.14185188825416986 1825
1743432238140 0.14220806724693077 1830
1743432238221 0.13234921245934553 1835
1743432238301 0.12318942896269787 1840
1743432238381 0.0895913368883835 1845
1743432238461 0.05359689088486876 1850
1743432238540 0.026806518021544407 1855
1743432238623 0.030578603019330606 1860
1743432238703 0.035828313630811695 1865
1743432238781 0.03160552165784261 1870
1743432238861 0.029953429292342796 1875
1743432238941 0.025902260230734084 1880
1743432239023 0.02328842822873497 1885
1743432239103 0.028041752547545817 1890
1743432239180 0.033818218241375333 1895
1743432239261 0.036091685881585435 1900
1743432239340 0.04868309473742889 1905
1743432239421 0.0628857118005711 1910
1743432239500 0.07922719687297711 1915
1743432239581 0.11957966184235753 1920
1743432239660 0.13843890793181116 1925
1743432239739 0.14619226558855505 1930
1743432239824 0.14472573465560432 1935
1743432239900 0.1458896486044954 1940
1743432239984 0.14575872023598885 1945
1743432240061 0.1481852509481557 1950
1743432240141 0.1475973097396264 1955
1743432240221 0.1504793981152143 1960
1743432240300 0.1443413650294609 1965
1743432240380 0.13824180742425626 1970
1743432240461 0.1314208353283319 1975
1743432240540 0.11783026339253432 1980
1743432240621 0.08547500597251788 1985
1743432240701 0.047080399513539185 1990
1743432240781 0.022148730993329105 1995
1743432240862 0.015687420023651776 2000
1743432240941 0.012366406716865183 2005
1743432241022 0.012210835355030586 2010
1743432241100 0.011381246035659437 2015
1743432241181 0.015439535464196978 2020
1743432241261 0.01937673205805661 2025
1743432241341 0.01635703890027051 2030
1743432241422 0.01675074821730648 2035
1743432241501 0.017965264034252842 2040
1743432241580 0.02053558996620702 2045
1743432241663 0.018664818514427594 2050
1743432241740 0.02106612414225031 2055
1743432241821 0.0555716807244762 2060
1743432241900 0.08928172716397226 2065
1743432241981 0.11678772825058216 2070
1743432242061 0.12547748707661147 2075
1743432242140 0.1249631266892993 2080
1743432242221 0.1226987852353166 2085
1743432242302 0.12824707211717515 2090
1743432242380 0.12613747825035712 2095
1743432242460 0.12370506144031307 2100
1743432242540 0.12223197548925835 2105
1743432242621 0.1078898159500988 2110
1743432242704 0.09137544310000395 2115
1743432242781 0.1012759088071842 2120
1743432242861 0.1047178132912749 2125
1743432242939 0.10391495154065843 2130
1743432243022 0.10496599974956947 2135
1743432243100 0.1040756070377321 2140
1743432243180 0.1019239380290807 2145
1743432243261 0.10109260213895534 2150
1743432243342 0.09980285917788254 2155
1743432243422 0.09882128206187805 2160
1743432243501 0.09818598330414395 2165
1743432243581 0.09264299120043001 2170
1743432243662 0.09144238723254706 2175
1743432243740 0.09510330934883945 2180
1743432243821 0.09884151324358591 2185
1743432243901 0.10193878970532383 2190
1743432243983 0.12131360511894226 2195
1743432244062 0.12055152559160831 2200
1743432244140 0.1249128452616275 2205
1743432244222 0.11327513900677584 2210
1743432244300 0.09826039615125907 2215
1743432244380 0.08271666790633399 2220
1743432244461 0.10449878939945204 2225
1743432244539 0.10684326448224887 2230
1743432244623 0.1183634722581482 2235
1743432244700 0.12067316397375288 2240
1743432244780 0.12234054904317189 2245
1743432244861 0.1277660133644257 2250
1743432244940 0.12721028332746734 2255
1743432245021 0.1026083336022155 2260
1743432245101 0.07381147055436083 2265
1743432245179 0.06609313813282462 2270
1743432245262 0.06549178699999432 2275
1743432245341 0.06653345118617283 2280
1743432245420 0.058701384697517754 2285
1743432245501 0.05501892379993972 2290
1743432245579 0.0566403574309584 2295
1743432245663 0.0481265731681654 2300
1743432245740 0.038587041143745844 2305
1743432245821 0.036913192465477224 2310
1743432245901 0.03646793129058368 2315
1743432245980 0.02972379283927607 2320
1743432246062 0.04276281434654028 2325
1743432246139 0.05111535819684275 2330
1743432246222 0.04431375219082959 2335
1743432246303 0.04307013144999159 2340
1743432246380 0.022090877527130466 2345
1743432246461 0.02653875108542605 2350
1743432246540 0.04692512203869729 2355
1743432246622 0.08278229797204086 2360
1743432246703 0.08776316985468108 2365
1743432246780 0.09771059647896364 2370
1743432246862 0.09383932272594113 2375
1743432246939 0.09816944338651579 2380
1743432247022 0.1054148110186006 2385
1743432247100 0.11648316040279824 2390
1743432247179 0.1260545686987169 2395
1743432247263 0.1316116332066806 2400
1743432247341 0.13123088994559426 2405
1743432247421 0.13115991119311937 2410
1743432247502 0.13444840736462607 2415
1743432247579 0.13489613981522064 2420
1743432247661 0.1377520411931101 2425
1743432247739 0.1377926053968026 2430
1743432247824 0.13640123070413074 2435
1743432247901 0.12595135070365324 2440
1743432247980 0.10942426152989153 2445
1743432248062 0.08493833592095029 2450
1743432248140 0.05153817599553119 2455
1743432248222 0.039441414426285 2460
1743432248299 0.037591584730686356 2465
1743432248384 0.03669712081645227 2470
1743432248462 0.034300822853497524 2475
1743432248540 0.040339403624343705 2480
1743432248620 0.04625487353052678 2485
1743432248703 0.08609985426533437 2490
1743432248780 0.11122079983059706 2495
1743432248862 0.10692276188873967 2500
1743432248940 0.12051988635300172 2505
1743432249021 0.13981895511882744 2510
1743432249100 0.13540943971957567 2515
1743432249180 0.09191894975584411 2520
1743432249260 0.0028530910212959918 2525
1743432249340 0.054192887955209164 2530
1743432249422 0.08110647627844174 2535
1743432249500 0.08105605592354034 2540
1743432249579 0.08535417413528233 2545
1743432249662 0.042937799748582105 2550
1743432251932 0.046243055607776175 2555
1743432251969 0.06980356397019132 2560
1743432252006 0.03946363111230112 2565
1743432252042 0.07492389851490384 2570
1743432252094 0.07065429157294086 2575
1743432252174 0.09351618365629649 2580
1743432252252 0.08432841456784514 2585
1743432252334 0.03838698841484309 2590
1743432252412 0.033376252153514856 2595
1743432252494 0.050122104069088784 2600
1743432252572 0.06896035930497965 2605
1743432252653 0.0827839504021977 2610
1743432252732 0.0932359829372255 2615
1743432252812 0.1063049428417535 2620
1743432252893 0.10855589881962413 2625
1743432252972 0.10416506508351134 2630
1743432253053 0.10044597093851393 2635
1743432253133 0.09131317132568567 2640
1743432253212 0.12489782060233322 2645
1743432254916 0.16410250669184828 2650
1743432254988 0.17211392195403194 2655
1743432255071 0.1772686696359179 2660
1743432255147 0.181368272282352 2665
1743432255230 0.18576685127559084 2670
1743432255309 0.1841635750947601 2675
1743432255389 0.18214326169027495 2680
1743432255471 0.18102430684779397 2685
1743432255548 0.18251432975626844 2690
1743432255630 0.17996344265386655 2695
1743432255708 0.17920846392344122 2700
1743432255790 0.1820098348805617 2705
1743432255868 0.1817544227575035 2710
1743432255948 0.1821228072150841 2715
1743432256030 0.18594924267915977 2720
1743432256110 0.18807497132214013 2725
1743432256187 0.19151047503051816 2730
1743432256270 0.19431942603204905 2735
1743432256349 0.1937494220392199 2740
1743432256430 0.1909058688398786 2745
1743432256511 0.19200334586200943 2750
1743432256589 0.18657772220260213 2755
1743432256671 0.18786514117814848 2760
1743432256748 0.18625449677042694 2765
1743432256829 0.1857836408588667 2770
1743432256910 0.18529204219835235 2775
1743432256989 0.1788181932717257 2780
1743432257071 0.17079729739557284 2785
1743432257148 0.15647106515816078 2790
1743432257229 0.10650416341354667 2795
1743432257308 0.09849803206653715 2800
1743432257388 0.08443455544045057 2805
1743432257469 0.0748038442101181 2810
1743432257549 0.07705509511494525 2815
1743432257630 0.07725603951987371 2820
1743432257708 0.07585350795507823 2825
1743432257788 0.08233373889700214 2830
1743432257870 0.09380180837416895 2835
1743432257949 0.107542870185812 2840
1743432258030 0.11625535090419624 2845
1743432258108 0.1219785038337422 2850
1743432258189 0.12248523461592102 2855
1743432258269 0.12366523132187686 2860
1743432258348 0.12085342242654372 2865
1743432258429 0.11612214840610849 2870
1743432258509 0.11645087916321771 2875
1743432258591 0.10567881874974717 2880
1743432258671 0.06013172715731432 2885
1743432258750 0.022192600658647695 2890
1743432258828 0.015803597179825383 2895
1743432258910 0.022244406096578902 2900
1743432258988 0.010956484724106536 2905
1743432259068 0.028854326249201374 2910
1743432259147 0.05184361457747064 2915
1743432259231 0.0856825619065144 2920
1743432259308 0.10126250148669996 2925
1743432259388 0.11090670863532988 2930
1743432259470 0.11314162986471471 2935
1743432259548 0.11346212388375913 2940
1743432259630 0.11275579113820546 2945
1743432259709 0.1077087808054428 2950
1743432259788 0.10111279718666563 2955
1743432259870 0.07807419374498238 2960
1743432259948 0.03160579616014945 2965
1743432260029 0.15203732351866087 2970
1743432301503 0.025796836755285633 2975
1743432326366 0.07760451787812132 2980
1743432326448 0.06960714852742572 2985
1743432326524 0.07480888251162116 2990
1743432326605 0.07010486192976663 2995
1743432326684 0.06717914175558844 3000
1743432338789 0.04329756706131311 3005
