1743431682094 0.0 5
1743431682174 0.0 10
1743431682258 0.0 15
1743431682335 0.0 20
1743431682414 0.0 25
1743431682497 0.0 30
1743431682575 0.0 35
1743431682655 0.0 40
1743431682734 0.0 45
1743431682815 0.0 50
1743431682898 0.0 55
1743431682975 0.0 60
1743431683056 0.0 65
1743431683135 0.0 70
1743431683214 0.0 75
1743431683297 0.0 80
1743431683375 0.0 85
1743431683456 1.0 90
1743431683535 1.0 95
1743431683614 1.0 100
1743431683695 0.0 105
1743431683775 0.0 110
1743431683854 0.0 115
1743431683935 0.0 120
1743431684015 1.0 125
1743431684096 1.0 130
1743431684175 1.0 135
1743431684255 1.0 140
1743431684335 0.0 145
1743431684415 0.0 150
1743431684498 0.0 155
1743431684574 0.0 160
1743431684656 0.0 165
1743431684735 0.0 170
1743431684815 0.0 175
1743431684897 0.0 180
1743431684975 0.0 185
1743431685055 1.0 190
1743431685135 1.0 195
1743431685215 1.0 200
1743431685297 1.0 205
1743431685375 1.0 210
1743431685455 0.0 215
1743431685535 0.0 220
1743431685614 0.0 225
1743431746368 0.0 230
1743431746447 0.0 235
1743431746528 0.0 240
1743431746608 0.0 245
1743431746686 0.0 250
1743431746767 0.0 255
1743431746847 0.0 260
1743431746926 0.0 265
1743431747008 0.0 270
1743431747087 0.0 275
1743431747168 0.0 280
1743431747247 0.0 285
1743431747326 0.0 290
1743431747409 0.0 295
1743431747486 0.0 300
1743431747567 0.0 305
1743431747646 0.0 310
1743431747726 0.0 315
1743431747809 1.0 320
1743431747886 1.0 325
1743431747967 1.0 330
1743431748047 1.0 335
1743431748126 1.0 340
1743431748208 1.0 345
1743431748286 1.0 350
1743431748367 0.0 355
1743431748446 0.0 360
1743431748527 0.0 365
1743431748607 0.0 370
1743431748687 0.0 375
1743431748767 0.0 380
1743431748846 0.0 385
1743431748926 1.0 390
1743431749007 1.0 395
1743431749087 1.0 400
1743431749167 1.0 405
1743431749247 1.0 410
1743431749326 1.0 415
1743431749407 1.0 420
1743431749486 1.0 425
1743431749567 1.0 430
1743431749646 1.0 435
1743431749727 1.0 440
1743431749808 1.0 445
1743431749887 1.0 450
1743431749967 1.0 455
1743431750047 1.0 460
1743431750126 1.0 465
1743431750208 0.0 470
1743431750286 0.0 475
1743431750367 0.0 480
1743431750447 0.0 485
1743431750526 0.0 490
1743431750608 0.0 495
1743431750686 0.0 500
1743431750768 0.0 505
1743431750847 1.0 510
1743431750926 1.0 515
1743431751008 1.0 520
1743431751086 1.0 525
1743431751167 1.0 530
1743431751246 1.0 535
1743431751326 1.0 540
1743431751408 1.0 545
1743431751486 1.0 550
1743431751567 1.0 555
1743431751647 1.0 560
1743431751726 1.0 565
1743431751811 1.0 570
1743431751886 1.0 575
1743431751967 1.0 580
1743431752047 1.0 585
1743431752126 1.0 590
1743431752208 1.0 595
1743431752287 1.0 600
1743431752366 1.0 605
1743431752447 1.0 610
1743431752528 1.0 615
1743431752607 1.0 620
1743431752686 1.0 625
1743431752767 1.0 630
1743431752848 1.0 635
1743431752926 1.0 640
1743431753007 1.0 645
1743431753086 1.0 650
1743431753168 1.0 655
1743431753248 1.0 660
1743431753326 1.0 665
1743431753408 1.0 670
1743431753486 1.0 675
1743431753567 1.0 680
1743431753646 1.0 685
1743431753726 1.0 690
1743431753808 1.0 695
1743431753886 1.0 700
1743431753969 1.0 705
1743431754047 1.0 710
1743431754127 1.0 715
1743431754209 1.0 720
1743431754286 1.0 725
1743431754366 1.0 730
1743431754449 1.0 735
1743431754527 1.0 740
1743431754608 1.0 745
1743431754686 1.0 750
1743431754767 1.0 755
1743431754847 1.0 760
1743431754926 0.0 765
1743431755007 0.0 770
1743431755086 0.0 775
1743431755167 0.0 780
1743431755248 0.0 785
1743431755326 0.0 790
1743431755408 0.0 795
1743431755486 0.0 800
1743431755566 0.0 805
1743431755649 0.0 810
1743431755726 0.0 815
1743431755809 0.0 820
1743431755886 0.0 825
1743431755967 0.0 830
1743431756048 0.0 835
1743431756126 0.0 840
1743431756208 0.0 845
1743431756286 1.0 850
1743431756366 1.0 855
1743431756448 1.0 860
1743431756527 1.0 865
1743431756607 1.0 870
1743431756687 1.0 875
1743431756766 1.0 880
1743431756848 1.0 885
1743431756926 1.0 890
1743431757008 0.0 895
1743431757087 0.0 900
1743431757167 0.0 905
1743431795161 0.0 910
1743431800140 1.0 915
1743431805142 1.0 920
1743431930825 1.0 925
1743431930895 1.0 930
1743431951682 1.0 935
1743431951758 1.0 940
1743432019481 1.0 945
1743432023102 1.0 950
1743432023917 1.0 955
1743432023996 1.0 960
1743432024126 1.0 965
1743432024217 1.0 970
1743432024287 1.0 975
1743432024384 1.0 980
1743432024521 1.0 985
1743432024592 1.0 990
1743432024700 1.0 995
1743432024782 1.0 1000
1743432024931 1.0 1005
1743432025005 1.0 1010
1743432025087 1.0 1015
1743432025213 1.0 1020
1743432025293 1.0 1025
1743432025375 0.0 1030
1743432025470 1.0 1035
1743432029636 1.0 1040
1743432029713 1.0 1045
1743432029791 1.0 1050
1743432029869 1.0 1055
1743432029950 1.0 1060
1743432030030 1.0 1065
1743432030110 1.0 1070
1743432030191 1.0 1075
1743432030269 1.0 1080
1743432030350 1.0 1085
1743432030429 1.0 1090
1743432034470 1.0 1095
1743432034631 1.0 1100
1743432039038 0.0 1105
1743432039103 0.0 1110
1743432039181 0.0 1115
1743432039263 0.0 1120
1743432039343 0.0 1125
1743432039422 0.0 1130
1743432039502 0.0 1135
1743432039583 0.0 1140
1743432039664 0.0 1145
1743432039742 0.0 1150
1743432039822 0.0 1155
1743432039902 0.0 1160
1743432039981 0.0 1165
1743432040063 0.0 1170
1743432040142 0.0 1175
1743432040223 0.0 1180
1743432040301 0.0 1185
1743432040381 0.0 1190
1743432040465 0.0 1195
1743432040542 0.0 1200
1743432040622 0.0 1205
1743432040702 0.0 1210
1743432040781 0.0 1215
1743432040865 0.0 1220
1743432040942 0.0 1225
1743432041022 0.0 1230
1743432041102 0.0 1235
1743432041181 0.0 1240
1743432041263 0.0 1245
1743432041342 0.0 1250
1743432041424 0.0 1255
1743432041504 0.0 1260
1743432041581 0.0 1265
1743432041662 0.0 1270
1743432041741 0.0 1275
1743432041822 0.0 1280
1743432041904 0.0 1285
1743432041982 0.0 1290
1743432042062 0.0 1295
1743432042143 0.0 1300
1743432042221 0.0 1305
1743432042303 0.0 1310
1743432042382 0.0 1315
1743432042464 0.0 1320
1743432042541 0.0 1325
1743432042622 0.0 1330
1743432042703 0.0 1335
1743432042781 0.0 1340
1743432042862 0.0 1345
1743432042941 0.0 1350
1743432043022 0.0 1355
1743432043102 0.0 1360
1743432043181 0.0 1365
1743432043264 0.0 1370
1743432043341 0.0 1375
1743432043422 0.0 1380
1743432043501 0.0 1385
1743432043581 0.0 1390
1743432043664 0.0 1395
1743432043742 0.0 1400
1743432043823 0.0 1405
1743432043901 0.0 1410
1743432043981 0.0 1415
1743432044065 0.0 1420
1743432044142 0.0 1425
1743432044223 0.0 1430
1743432044303 0.0 1435
1743432044381 0.0 1440
1743432044465 0.0 1445
1743432044542 0.0 1450
1743432044625 0.0 1455
1743432053948 0.0 1460
1743432062941 0.0 1465
1743432063674 0.0 1470
1743432072613 0.0 1475
1743432073726 0.0 1480
1743432074144 0.0 1485
1743432074796 1.0 1490
1743432075622 0.0 1495
1743432076193 0.0 1500
1743432076686 0.0 1505
1743432077680 0.0 1510
1743432079821 0.0 1515
1743432079856 0.0 1520
1743432079892 0.0 1525
1743432079928 0.0 1530
1743432079965 0.0 1535
1743432080001 0.0 1540
1743432080036 0.0 1545
1743432080072 0.0 1550
1743432080108 0.0 1555
1743432080143 0.0 1560
1743432080180 0.0 1565
1743432080216 0.0 1570
1743432080252 0.0 1575
1743432080319 0.0 1580
1743432080397 0.0 1585
1743432080479 0.0 1590
1743432080559 0.0 1595
1743432080637 0.0 1600
1743432080719 0.0 1605
1743432080797 0.0 1610
1743432080879 0.0 1615
1743432080958 0.0 1620
1743432081037 0.0 1625
1743432081120 0.0 1630
1743432081197 0.0 1635
1743432081279 0.0 1640
1743432081359 0.0 1645
1743432081438 0.0 1650
1743432081519 0.0 1655
1743432081597 0.0 1660
1743432081680 0.0 1665
1743432081758 0.0 1670
1743432081837 0.0 1675
1743432081919 0.0 1680
1743432081997 0.0 1685
1743432082078 0.0 1690
1743432082157 0.0 1695
1743432082237 0.0 1700
1743432102169 0.0 1705
1743432168518 1.0 1710
1743432173029 1.0 1715
1743432236381 0.0 1720
1743432236461 0.0 1725
1743432236541 0.0 1730
1743432236624 0.0 1735
1743432236702 0.0 1740
1743432236782 0.0 1745
1743432236862 0.0 1750
1743432236942 0.0 1755
1743432237025 0.0 1760
1743432237101 0.0 1765
1743432237182 0.0 1770
1743432237262 0.0 1775
1743432237341 0.0 1780
1743432237423 0.0 1785
1743432237501 0.0 1790
1743432237581 0.0 1795
1743432237662 0.0 1800
1743432237740 0.0 1805
1743432237824 0.0 1810
1743432237902 0.0 1815
1743432237981 0.0 1820
1743432238063 0.0 1825
1743432238140 0.0 1830
1743432238222 0.0 1835
1743432238301 0.0 1840
1743432238382 0.0 1845
1743432238461 1.0 1850
1743432238540 1.0 1855
1743432238624 1.0 1860
1743432238704 1.0 1865
1743432238782 1.0 1870
1743432238862 1.0 1875
1743432238942 1.0 1880
1743432239024 1.0 1885
1743432239104 1.0 1890
1743432239181 1.0 1895
1743432239262 1.0 1900
1743432239341 1.0 1905
1743432239422 1.0 1910
1743432239500 1.0 1915
1743432239582 0.0 1920
1743432239661 0.0 1925
1743432239740 0.0 1930
1743432239824 0.0 1935
1743432239901 0.0 1940
1743432239985 0.0 1945
1743432240062 0.0 1950
1743432240142 0.0 1955
1743432240222 0.0 1960
1743432240301 0.0 1965
1743432240381 0.0 1970
1743432240462 0.0 1975
1743432240540 0.0 1980
1743432240621 0.0 1985
1743432240701 1.0 1990
1743432240782 1.0 1995
1743432240863 1.0 2000
1743432240942 1.0 2005
1743432241023 1.0 2010
1743432241101 1.0 2015
1743432241182 1.0 2020
1743432241262 1.0 2025
1743432241342 1.0 2030
1743432241423 1.0 2035
1743432241502 1.0 2040
1743432241581 1.0 2045
1743432241663 1.0 2050
1743432241741 1.0 2055
1743432241822 1.0 2060
1743432241901 0.0 2065
1743432241982 0.0 2070
1743432242062 0.0 2075
1743432242141 0.0 2080
1743432242222 0.0 2085
1743432242302 0.0 2090
1743432242381 0.0 2095
1743432242461 0.0 2100
1743432242541 0.0 2105
1743432242622 0.0 2110
1743432242705 0.0 2115
1743432242782 0.0 2120
1743432242862 0.0 2125
1743432242940 0.0 2130
1743432243023 0.0 2135
1743432243101 0.0 2140
1743432243181 0.0 2145
1743432243262 0.0 2150
1743432243343 0.0 2155
1743432243423 0.0 2160
1743432243501 0.0 2165
1743432243581 0.0 2170
1743432243662 0.0 2175
1743432243740 0.0 2180
1743432243822 0.0 2185
1743432243902 0.0 2190
1743432243984 0.0 2195
1743432244063 0.0 2200
1743432244141 0.0 2205
1743432244223 0.0 2210
1743432244301 0.0 2215
1743432244381 0.0 2220
1743432244462 0.0 2225
1743432244540 0.0 2230
1743432244624 0.0 2235
1743432244701 0.0 2240
1743432244781 0.0 2245
1743432244862 0.0 2250
1743432244940 0.0 2255
1743432245022 0.0 2260
1743432245102 1.0 2265
1743432245180 1.0 2270
1743432245263 1.0 2275
1743432245342 1.0 2280
1743432245421 1.0 2285
1743432245501 1.0 2290
1743432245580 1.0 2295
1743432245664 1.0 2300
1743432245740 1.0 2305
1743432245822 1.0 2310
1743432245902 1.0 2315
1743432245981 1.0 2320
1743432246063 1.0 2325
1743432246140 1.0 2330
1743432246223 1.0 2335
1743432246304 1.0 2340
1743432246381 1.0 2345
1743432246462 1.0 2350
1743432246541 1.0 2355
1743432246622 0.0 2360
1743432246704 0.0 2365
1743432246781 0.0 2370
1743432246863 0.0 2375
1743432246940 0.0 2380
1743432247022 0.0 2385
1743432247101 0.0 2390
1743432247180 0.0 2395
1743432247264 0.0 2400
1743432247342 0.0 2405
1743432247421 0.0 2410
1743432247502 0.0 2415
1743432247580 0.0 2420
1743432247662 0.0 2425
1743432247740 0.0 2430
1743432247825 0.0 2435
1743432247902 0.0 2440
1743432247981 0.0 2445
1743432248063 0.0 2450
1743432248141 1.0 2455
1743432248223 1.0 2460
1743432248300 1.0 2465
1743432248385 1.0 2470
1743432248462 1.0 2475
1743432248540 1.0 2480
1743432248621 1.0 2485
1743432248704 0.0 2490
1743432248781 0.0 2495
1743432248863 0.0 2500
1743432248941 0.0 2505
1743432249021 0.0 2510
1743432249100 0.0 2515
1743432249181 0.0 2520
1743432249261 1.0 2525
1743432249341 1.0 2530
1743432249422 0.0 2535
1743432249500 0.0 2540
1743432249580 0.0 2545
1743432249662 1.0 2550
1743432251933 1.0 2555
1743432251970 1.0 2560
1743432252006 1.0 2565
1743432252042 1.0 2570
1743432252095 1.0 2575
1743432252174 0.0 2580
1743432252253 0.0 2585
1743432252334 1.0 2590
1743432252413 1.0 2595
1743432252495 1.0 2600
1743432252572 1.0 2605
1743432252654 0.0 2610
1743432252733 0.0 2615
1743432252813 0.0 2620
1743432252893 0.0 2625
1743432252973 0.0 2630
1743432253053 0.0 2635
1743432253134 0.0 2640
1743432253213 0.0 2645
1743432254916 0.0 2650
1743432254989 0.0 2655
1743432255072 0.0 2660
1743432255148 0.0 2665
1743432255230 0.0 2670
1743432255309 0.0 2675
1743432255389 0.0 2680
1743432255471 0.0 2685
1743432255549 0.0 2690
1743432255630 0.0 2695
1743432255709 0.0 2700
1743432255790 0.0 2705
1743432255869 0.0 2710
1743432255949 0.0 2715
1743432256031 0.0 2720
1743432256111 0.0 2725
1743432256188 0.0 2730
1743432256271 0.0 2735
1743432256350 0.0 2740
1743432256431 0.0 2745
1743432256512 0.0 2750
1743432256590 0.0 2755
1743432256671 0.0 2760
1743432256749 0.0 2765
1743432256830 0.0 2770
1743432256911 0.0 2775
1743432256990 0.0 2780
1743432257072 0.0 2785
1743432257149 0.0 2790
1743432257230 0.0 2795
1743432257309 0.0 2800
1743432257389 0.0 2805
1743432257470 1.0 2810
1743432257550 1.0 2815
1743432257631 1.0 2820
1743432257709 1.0 2825
1743432257789 0.0 2830
1743432257870 0.0 2835
1743432257950 0.0 2840
1743432258031 0.0 2845
1743432258108 0.0 2850
1743432258190 0.0 2855
1743432258270 0.0 2860
1743432258349 0.0 2865
1743432258430 0.0 2870
1743432258510 0.0 2875
1743432258592 0.0 2880
1743432258672 1.0 2885
1743432258751 1.0 2890
1743432258829 1.0 2895
1743432258911 1.0 2900
1743432258989 1.0 2905
1743432259069 1.0 2910
1743432259148 1.0 2915
1743432259232 0.0 2920
1743432259309 0.0 2925
1743432259389 0.0 2930
1743432259470 0.0 2935
1743432259549 0.0 2940
1743432259631 0.0 2945
1743432259710 0.0 2950
1743432259789 0.0 2955
1743432259871 1.0 2960
1743432259949 1.0 2965
1743432260030 0.0 2970
1743432301504 1.0 2975
1743432326367 1.0 2980
1743432326449 1.0 2985
1743432326524 1.0 2990
1743432326605 1.0 2995
1743432326685 1.0 3000
1743432338789 1.0 3005
